- tag_id: 1
  label: "pose"
  position: [-0.112994, 0.546592, 0.11911]
  orientation_wxyz: [-0.0398223, 0.726954, -0.683247, 0.0559099]
- tag_id: 1
  label: "pose"
  position: [-0.112884, 0.546287, 0.120632]
  orientation_wxyz: [-0.0401405, 0.727001, -0.683287, 0.0545541]
